excitation = [
0.62517 72.21084;
0.37698 19.62425;
0.54498 -117.77116;
0.59153 -87.68187;
0.99966 132.02769;
0.27901 5.53307;
0.55562 41.24059;
0.20531 -61.72385;
0.90248 -31.24082;
0.53637 -65.15193;
0.77744 -65.62640;
0.53624 -65.13510;
0.90253 -31.25418;
0.20529 -61.73332;
0.55588 41.25290;
0.27885 5.43495;
0.99998 132.00092;
0.59195 -87.70057;
0.54471 -117.76511;
0.37689 19.61838;
0.62519 72.21256;
0.44762 13.56255;
0.68511 -95.70556;
0.76541 84.37033;
0.40739 -145.36736;
0.87880 -17.63846;
0.66089 166.52430;
0.58452 -116.32659;
0.62680 42.54221;
0.71928 -168.30158;
0.89603 62.48381;
0.26247 -121.57331;
0.89556 62.49434;
0.71890 -168.32586;
0.62688 42.54171;
0.58546 -116.32076;
0.66089 166.37516;
0.87904 -17.76621;
0.40619 -145.50691;
0.76466 84.39927;
0.68490 -95.67805;
0.44749 13.56403;
0.33078 -50.03442;
0.38899 65.08529;
0.49545 -95.13792;
0.25380 -83.84435;
0.92336 158.28573;
0.99999 -2.06824;
0.44748 162.68986;
0.35688 -116.88837;
0.38115 52.89376;
0.99999 -81.36393;
0.95455 104.45067;
0.99999 -81.31571;
0.38068 53.00042;
0.35761 -116.79292;
0.44794 162.36071;
0.99982 -2.31750;
0.92511 157.99555;
0.25778 -83.96785;
0.49330 -95.12582;
0.38828 65.09057;
0.33084 -50.00457;
0.89846 -87.48890;
0.54194 129.28947;
0.47637 -84.44347;
0.69062 98.47906;
0.66049 -59.80114;
0.75154 -177.36986;
0.67590 91.45267;
0.81312 -25.55750;
0.40007 123.45827;
0.54619 98.86024;
0.94290 -33.70321;
0.54684 98.96705;
0.39876 123.42045;
0.81241 -25.41389;
0.67124 91.55407;
0.75045 -177.95924;
0.66852 -60.19820;
0.69847 98.41819;
0.48094 -84.46489;
0.54319 129.17943;
0.89872 -87.49385;
0.69920 171.83975;
0.93856 4.90673;
0.86610 -177.99928;
0.76173 -76.22616;
0.86231 127.78527;
0.80697 31.76106;
0.97496 -66.61029;
0.90290 134.61069;
0.99999 -45.80376;
0.67715 -63.25114;
0.41283 175.61447;
0.67815 -63.22817;
0.99962 -45.75665;
0.90372 134.78848;
0.97262 -66.30236;
0.79974 31.33449;
0.87127 127.24322;
0.77272 -76.39759;
0.86652 -178.46702;
0.93863 4.73476;
0.69936 171.79583;
0.86618 136.63329;
0.97768 -80.90618;
0.59323 81.63697;
0.32778 160.28768;
0.44963 -5.20852;
0.75613 -126.55736;
0.58132 69.30885;
0.86170 -68.78550;
0.69253 124.58644;
0.99999 -158.13057;
0.39985 46.30182;
0.99978 -158.13710;
0.69529 124.68537;
0.86726 -68.48007;
0.58004 70.14807;
0.74851 -126.31468;
0.44704 -6.55417;
0.33114 158.36687;
0.58539 81.48708;
0.97431 -80.89413;
0.86564 136.66311;
0.76801 61.10032;
0.79534 -129.78959;
0.56692 84.92959;
0.75623 -113.99031;
0.69251 69.24880;
0.61928 -22.68958;
0.25973 -149.10256;
0.49724 -175.52982;
0.29338 178.63480;
0.64925 99.13852;
0.93499 138.66008;
0.64996 99.19053;
0.28905 179.63371;
0.50610 -176.87717;
0.25565 -145.28083;
0.60672 -22.59768;
0.69801 68.84399;
0.76464 -113.89371;
0.57380 84.97411;
0.79763 -129.63660;
0.76856 61.12659;
0.69495 24.43888;
1.00000 -176.24803;
0.91170 -17.78840;
0.99335 99.80317;
0.86335 -66.12155;
0.55452 -168.44914;
0.40873 -128.78214;
0.99995 92.67796;
0.48848 138.48652;
0.99999 73.70858;
0.55436 -71.09515;
1.00000 73.70012;
0.49595 138.21072;
0.98216 92.11441;
0.40125 -132.43101;
0.54503 -166.44138;
0.85537 -66.48718;
0.99611 99.59592;
0.91276 -18.08290;
0.99994 -176.38754;
0.69476 24.40086;
0.97094 -15.15737;
0.95480 128.33569;
0.58030 -48.33247;
0.60972 159.88231;
0.98198 -29.69467;
0.37107 103.23681;
0.64717 -178.11352;
0.47714 105.68164;
0.58627 53.79004;
0.76405 35.11255;
0.98813 127.80774;
0.76365 34.88945;
0.58383 53.38247;
0.49759 106.07967;
0.63474 -175.54822;
0.39763 104.31646;
0.99475 -30.02830;
0.61259 159.93812;
0.57808 -48.11047;
0.95313 128.39509;
0.97078 -15.13545;
0.91090 -7.63832;
0.89852 -179.04306;
0.43221 6.83394;
0.95779 37.45281;
0.75718 -136.46394;
0.76835 -138.94825;
0.92955 107.16743;
0.89850 13.18056;
0.99999 105.70212;
0.30361 -34.11046;
0.63958 -178.91417;
0.29774 -33.46855;
0.99999 105.66391;
0.90110 12.06513;
0.96067 107.35062;
0.77732 -136.87374;
0.75299 -137.62331;
0.95830 37.27584;
0.43226 6.48978;
0.89908 -179.16186;
0.91114 -7.66402;
0.99360 -34.64596;
0.88772 118.50748;
0.41312 -46.48469;
0.62748 -166.90557;
0.86018 -1.20118;
0.40394 167.83210;
0.57866 122.33920;
0.67729 128.31271;
0.73197 13.78599;
0.20528 26.75942;
0.95028 -170.86886;
0.20528 24.39173;
0.73083 13.97159;
0.69224 127.89495;
0.54882 122.91524;
0.42166 164.58427;
0.86763 -2.14027;
0.62890 -167.13772;
0.41081 -46.28736;
0.88564 118.52549;
0.99312 -34.63188;
0.91087 -7.63570;
0.89849 -179.03079;
0.43233 6.88680;
0.95717 37.43617;
0.75630 -136.46965;
0.76933 -138.95035;
0.92980 107.10800;
0.89745 13.16944;
0.99999 105.63259;
0.30271 -34.29900;
0.63827 -178.94402;
0.29697 -33.64560;
0.99997 105.61058;
0.90047 12.06768;
0.96061 107.33108;
0.77740 -136.87247;
0.75302 -137.63517;
0.95839 37.26627;
0.43215 6.49359;
0.89904 -179.16254;
0.91113 -7.66422;
0.97099 -15.16036;
0.95505 128.32731;
0.58064 -48.38275;
0.60948 159.78940;
0.98158 -29.76724;
0.37153 103.04519;
0.64824 -178.07516;
0.47712 105.55726;
0.58552 53.86608;
0.76510 35.07485;
0.98856 127.86690;
0.76452 34.86951;
0.58338 53.42682;
0.49736 106.03838;
0.63486 -175.56747;
0.39753 104.34340;
0.99502 -30.01531;
0.61289 159.95466;
0.57813 -48.08789;
0.95308 128.40220;
0.97076 -15.13255;
0.69497 24.44556;
1.00000 -176.22915;
0.91170 -17.74310;
0.99253 99.85149;
0.86292 -66.03181;
0.55567 -168.39868;
0.40803 -128.74357;
0.99986 92.69184;
0.48848 138.48815;
0.99999 73.69882;
0.55410 -71.12109;
0.99998 73.67534;
0.49613 138.24751;
0.98257 92.10244;
0.40173 -132.39272;
0.54471 -166.48303;
0.85552 -66.51508;
0.99631 99.57660;
0.91268 -18.10064;
0.99991 -176.39826;
0.69474 24.39462;
0.76796 61.09337;
0.79511 -129.80987;
0.56620 84.93656;
0.75511 -113.98034;
0.69126 69.29075;
0.61971 -22.59485;
0.26022 -149.04101;
0.49754 -175.56178;
0.29266 178.66460;
0.64964 99.21996;
0.93391 138.63158;
0.65044 99.27483;
0.28843 179.63470;
0.50620 -176.83819;
0.25556 -145.40892;
0.60713 -22.62910;
0.69829 68.86099;
0.76490 -113.88525;
0.57408 84.97698;
0.79778 -129.62468;
0.76863 61.13208;
0.86630 136.63404;
0.97800 -80.89888;
0.59383 81.64838;
0.32786 160.45858;
0.45036 -5.07257;
0.75738 -126.56897;
0.58223 69.28361;
0.86221 -68.81264;
0.69303 124.56414;
0.99999 -158.09283;
0.40010 46.40678;
0.99978 -158.09957;
0.69542 124.65342;
0.86696 -68.53103;
0.58027 70.03386;
0.74903 -126.38791;
0.44778 -6.55410;
0.33156 158.37988;
0.58528 81.46330;
0.97414 -80.89979;
0.86555 136.66367;
0.69912 171.83889;
0.93838 4.91435;
0.86602 -177.97644;
0.76123 -76.19445;
0.86218 127.85646;
0.80826 31.77302;
0.97534 -66.68285;
0.90286 134.53246;
0.99999 -45.87223;
0.67672 -63.16258;
0.41334 175.74331;
0.67768 -63.15206;
0.99945 -45.81922;
0.90308 134.70939;
0.97228 -66.39329;
0.80107 31.30271;
0.87161 127.30488;
0.77264 -76.35404;
0.86679 -178.46193;
0.93875 4.73453;
0.69937 171.79535;
0.89850 -87.49116;
0.54188 129.27761;
0.47628 -84.45399;
0.69042 98.49441;
0.66041 -59.74763;
0.75226 -177.33516;
0.67644 91.38815;
0.81269 -25.61841;
0.40017 123.32573;
0.54573 98.92459;
0.94279 -33.66824;
0.54634 98.98206;
0.39902 123.36179;
0.81210 -25.45471;
0.67161 91.48705;
0.75121 -177.92941;
0.66844 -60.13940;
0.69820 98.45005;
0.48078 -84.44257;
0.54318 129.19015;
0.89870 -87.49307;
0.33075 -50.02558;
0.38885 65.09072;
0.49531 -95.12259;
0.25389 -83.86527;
0.92339 158.28267;
0.99999 -2.06866;
0.44738 162.69104;
0.35692 -116.91997;
0.38134 52.85592;
0.99999 -81.39573;
0.95446 104.39703;
0.99998 -81.37887;
0.38137 52.89245;
0.35794 -116.88177;
0.44764 162.35814;
0.99972 -2.30823;
0.92505 158.00632;
0.25764 -83.95288;
0.49338 -95.13371;
0.38833 65.08563;
0.33085 -50.00941;
0.44763 13.55979;
0.68502 -95.70295;
0.76527 84.37785;
0.40716 -145.37251;
0.87863 -17.65327;
0.66057 166.50431;
0.58489 -116.36968;
0.62741 42.50726;
0.72015 -168.30100;
0.89674 62.43269;
0.26345 -121.77124;
0.89658 62.42443;
0.72028 -168.32009;
0.62782 42.49662;
0.58591 -116.37182;
0.66054 166.36068;
0.87890 -17.77116;
0.40621 -145.50822;
0.76469 84.39272;
0.68495 -95.68474;
0.44753 13.56759;
0.62517 72.21302;
0.37698 19.61616;
0.54488 -117.77354;
0.59167 -87.68912;
0.99970 132.01582;
0.27876 5.49887;
0.55602 41.23233;
0.20529 -61.86584;
0.90280 -31.20973;
0.53641 -65.22639;
0.77737 -65.56579;
0.53631 -65.22983;
0.90295 -31.20848;
0.20529 -61.91754;
0.55634 41.24325;
0.27858 5.40342;
1.00000 131.99211;
0.59198 -87.70137;
0.54474 -117.76689;
0.37689 19.62461;
0.62517 72.21031
];
