excitation = [
0.29007 39.98303;
0.37603 -71.27863;
0.13106 -179.90552;
0.23750 -71.27786;
0.25523 -163.23117;
0.41643 -110.53451;
0.53249 158.54413;
0.24120 -124.56051;
0.46119 148.56648;
0.40507 -97.86640;
0.43484 169.88185;
0.40476 -97.82833;
0.46151 148.63746;
0.24077 -124.43525;
0.53303 158.54419;
0.41667 -110.50432;
0.25501 -163.29849;
0.23774 -71.32360;
0.13103 -179.93699;
0.37597 -71.27991;
0.29008 39.97606;
0.28738 -13.11510;
0.32930 -149.94397;
0.37708 7.95596;
0.64137 -146.19650;
0.19019 -20.17410;
0.73993 170.58387;
0.17606 -49.50269;
0.74584 149.25539;
0.36687 -57.49543;
0.80299 156.16970;
0.46165 -76.71640;
0.80372 156.23525;
0.36743 -57.21575;
0.74759 149.31565;
0.17756 -49.40659;
0.74029 170.48788;
0.19017 -20.60510;
0.64041 -146.25078;
0.37691 7.89384;
0.32931 -149.94597;
0.28737 -13.10682;
0.13046 -42.94773;
0.15254 -44.07491;
0.50278 -135.92894;
0.18973 109.39678;
0.35750 168.73095;
0.41125 -152.28974;
0.82746 103.31072;
0.42803 -134.31556;
0.89368 93.84892;
0.71373 -123.62625;
0.85964 102.39572;
0.71221 -123.54447;
0.89345 94.02938;
0.42690 -133.98042;
0.82990 103.34324;
0.41346 -151.99740;
0.35610 168.20675;
0.18816 110.10407;
0.50152 -135.96118;
0.15259 -44.16486;
0.13046 -42.95137;
0.30120 -50.39925;
0.49533 -142.63133;
0.25954 94.49228;
0.44955 -150.98908;
0.45750 150.78406;
0.73762 95.15586;
0.40765 172.66711;
0.93823 68.93136;
0.42948 -156.15988;
0.79534 76.54442;
0.70948 -164.53263;
0.79406 76.65333;
0.42686 -156.06464;
0.93897 69.07013;
0.40797 173.15173;
0.74158 94.84477;
0.45972 151.55226;
0.44451 -151.12698;
0.25802 94.94874;
0.49463 -142.62501;
0.30116 -50.41684;
0.40526 -89.69004;
0.30205 148.98171;
0.56689 -128.83445;
0.86018 116.83238;
0.13135 125.99757;
0.84225 123.59365;
0.72449 54.83416;
0.73063 100.01891;
0.49296 23.00235;
0.82858 125.63077;
0.33096 28.71965;
0.82884 125.50721;
0.49096 22.99256;
0.72940 100.00070;
0.72878 54.79750;
0.84221 124.11433;
0.13081 122.16108;
0.85972 117.28671;
0.56374 -128.70124;
0.30281 149.11880;
0.40534 -89.66001;
0.42348 -93.68246;
0.61089 -177.47327;
0.31762 97.30005;
0.59304 162.86195;
0.64058 93.89016;
0.99673 96.30597;
0.90861 50.05138;
0.66500 63.86848;
0.70909 41.61197;
0.56184 92.42442;
0.74903 91.77928;
0.56031 92.51054;
0.71093 41.64251;
0.66525 63.87068;
0.90499 50.12657;
0.99906 95.90595;
0.63768 94.61601;
0.58817 162.42576;
0.31690 97.86327;
0.60990 -177.45711;
0.42330 -93.71573;
0.47014 -123.51929;
0.29269 142.05228;
0.50997 -173.76684;
0.79761 100.49015;
0.54876 103.71569;
1.00000 72.94813;
0.96516 50.39792;
0.98053 37.02638;
0.74874 43.84435;
0.74553 79.65256;
0.93898 58.46751;
0.74688 79.64644;
0.74709 43.81689;
0.98130 37.01026;
0.96653 50.38067;
0.99739 73.12778;
0.54978 103.17047;
0.79639 100.76155;
0.50860 -173.79918;
0.29322 141.99127;
0.47043 -123.49252;
0.42704 -120.44912;
0.46177 166.12658;
0.35995 143.81019;
0.48438 119.00678;
0.84129 95.48530;
0.97486 61.02755;
0.99935 46.27267;
0.96942 30.15379;
0.82087 44.09214;
1.00000 54.78950;
0.59956 102.95226;
1.00000 54.75657;
0.82128 44.08229;
0.96821 30.22385;
1.00000 46.17461;
0.97543 61.08028;
0.83977 95.50954;
0.48577 118.96871;
0.35906 143.70239;
0.46241 166.26247;
0.42649 -120.45087;
0.37581 -145.88710;
0.34313 -147.53816;
0.61991 140.49439;
0.49275 115.00979;
0.65424 95.16289;
0.92367 70.80391;
0.95906 53.68745;
1.00000 34.09074;
0.92779 68.89630;
0.63107 69.13178;
0.55840 52.56563;
0.62941 69.25660;
0.92979 68.85800;
1.00000 33.97702;
0.95803 53.87262;
0.92424 70.57584;
0.65580 95.46703;
0.49019 114.67451;
0.62216 140.70585;
0.34099 -147.54653;
0.37653 -145.85059;
0.43024 -121.12802;
0.51314 154.38418;
0.44486 -154.24753;
0.75708 118.53394;
0.65248 108.00987;
1.00000 86.59283;
0.93526 52.26068;
0.98825 75.57931;
0.84102 51.08895;
0.45164 103.04389;
0.54787 64.71228;
0.45297 102.58229;
0.83671 51.14423;
0.99048 75.58269;
0.93632 52.09966;
1.00000 86.85498;
0.64989 107.59945;
0.76046 118.84278;
0.44096 -154.07686;
0.51439 154.62604;
0.42938 -121.12133;
0.24961 -161.59267;
0.62373 -124.02243;
0.72219 124.25185;
0.43730 167.89610;
0.68248 118.20197;
0.95567 95.55569;
0.99460 74.40220;
0.90393 67.58074;
0.79378 95.49413;
0.58340 75.78176;
0.15677 89.70384;
0.58043 76.08725;
0.79574 95.17425;
0.90249 67.65498;
0.99315 74.48381;
0.95653 95.31110;
0.68503 118.56306;
0.43223 167.84349;
0.72374 124.53639;
0.62137 -123.97043;
0.25020 -161.43661;
0.32271 -111.80367;
0.39334 144.00014;
0.44074 -132.67009;
0.53967 141.75437;
0.72206 108.37070;
0.62431 111.53762;
0.90004 75.63256;
0.79424 66.24247;
1.00000 86.97095;
0.48139 104.68178;
0.86794 97.95889;
0.48165 104.30561;
0.99971 87.16978;
0.79274 66.07551;
0.90432 75.63432;
0.62215 111.89302;
0.72166 108.07191;
0.54299 141.97005;
0.43826 -132.45416;
0.39338 144.29232;
0.32190 -111.83637;
0.17878 161.53553;
0.41466 -104.82906;
0.55862 124.05283;
0.17423 83.33488;
0.49175 172.76356;
0.86372 71.44260;
0.53786 76.01844;
0.61475 64.19958;
0.55492 61.50587;
0.99087 94.80418;
0.77804 92.32590;
0.99133 94.91592;
0.55399 61.17462;
0.61893 64.52657;
0.53140 75.83656;
0.86853 71.48686;
0.49330 172.89579;
0.17352 82.59368;
0.55944 124.20154;
0.41330 -104.80439;
0.17845 161.74437;
0.21859 -135.99668;
0.34430 120.21680;
0.13041 -152.73653;
0.31155 154.91485;
0.83465 73.39889;
0.27959 110.94482;
0.68613 49.94598;
0.78627 37.84385;
0.54880 76.83052;
0.69762 61.76242;
0.66779 91.61343;
0.69764 61.62181;
0.55134 77.13360;
0.78456 37.40010;
0.68972 50.42663;
0.27573 110.90096;
0.83360 73.41326;
0.31329 154.48008;
0.13041 -152.06610;
0.34398 120.26307;
0.21844 -136.12091;
0.24545 -162.74887;
0.14337 -131.46403;
0.44127 142.34707;
0.45805 82.27754;
0.49557 162.26558;
0.90647 52.28573;
0.74875 84.89589;
0.59430 34.80071;
0.68874 77.56105;
0.71775 48.27149;
0.99297 102.31344;
0.71676 48.38308;
0.68767 77.28089;
0.59317 35.30529;
0.74580 84.55707;
0.90443 52.45093;
0.49539 161.73476;
0.45251 82.17043;
0.44375 142.06028;
0.14378 -131.24928;
0.24534 -162.72389;
0.33878 -92.12731;
0.37866 134.35398;
0.34277 -126.28816;
0.41022 147.56712;
0.48968 115.96054;
0.85769 104.19602;
0.24974 50.01394;
1.00000 77.23786;
0.35013 66.25731;
1.00000 110.56976;
0.44897 47.74024;
1.00000 110.45967;
0.34883 66.76109;
1.00000 76.98391;
0.24720 50.80406;
0.85988 103.96163;
0.48407 116.36782;
0.41507 146.82059;
0.34543 -125.67209;
0.38003 134.28334;
0.33894 -92.11761;
0.17787 -33.96096;
0.35066 -146.28205;
0.20543 -20.42055;
0.69221 164.99525;
0.25384 -67.44124;
0.98447 146.18627;
0.56715 48.20397;
0.96960 137.91168;
0.30879 8.68711;
1.00000 117.86740;
0.22727 137.96056;
1.00000 117.94672;
0.31101 8.65767;
0.97195 137.99182;
0.56858 48.06048;
0.98316 146.32759;
0.24792 -67.34137;
0.68768 165.41215;
0.20171 -19.72022;
0.35027 -146.02460;
0.17760 -33.96935;
0.15537 9.29486;
0.19792 -131.04540;
0.13041 64.88220;
0.54065 -100.75913;
0.52333 119.08423;
0.40910 -129.29119;
0.60415 120.33498;
0.28161 -114.02611;
0.92588 104.92782;
0.72573 -140.22698;
0.87783 93.35941;
0.72575 -140.20161;
0.92725 104.92379;
0.28383 -113.82766;
0.60560 120.14647;
0.41104 -129.54113;
0.51958 118.79714;
0.53878 -101.27750;
0.13041 63.31679;
0.19863 -131.38727;
0.15559 9.30445;
0.13066 164.22111;
0.28725 -23.49019;
0.36759 171.53380;
0.37172 -2.50794;
0.49213 -168.04072;
0.34793 -29.85915;
0.69397 154.64876;
0.27395 -34.04618;
0.71952 167.30790;
0.34520 -14.29924;
1.00000 165.88943;
0.34543 -14.10029;
0.71993 167.53428;
0.27302 -33.14980;
0.69439 155.06357;
0.34951 -29.10862;
0.49667 -167.99756;
0.37577 -2.44847;
0.37019 171.64120;
0.28798 -23.31828;
0.13072 164.34006;
0.18262 -38.96272;
0.29072 152.83055;
0.44219 -41.32949;
0.49208 154.68626;
0.51139 -49.09771;
0.79524 136.95614;
0.75413 -61.49435;
0.90185 126.46197;
0.75289 -70.19530;
1.00000 133.48877;
0.88898 -71.76368;
0.99960 133.55346;
0.75099 -70.06331;
0.89988 126.66633;
0.75165 -61.22482;
0.79482 137.25062;
0.51162 -48.71651;
0.49375 154.92087;
0.44274 -41.13635;
0.29085 152.95648;
0.18252 -38.93045;
0.13047 72.13330;
0.21583 -51.05382;
0.19787 104.27004;
0.41043 -55.87381;
0.15930 145.74189;
0.58848 -86.70023;
0.50767 137.81349;
0.57906 -100.94601;
0.53130 128.11010;
0.62145 -101.35862;
0.61117 129.09502;
0.62099 -101.34522;
0.53074 128.20754;
0.57753 -100.92672;
0.50701 138.00168;
0.58704 -86.61321;
0.15950 146.22541;
0.41043 -55.74319;
0.19766 104.39386;
0.21570 -51.02568;
0.13048 72.10521
];
