excitation = [
1.00000 136.72750;
1.00000 -33.89452;
1.00000 -135.72128;
1.00000 -133.54204;
1.00000 145.10125;
1.00000 84.63547;
1.00000 78.73274;
1.00000 17.26118;
1.00000 24.12666;
1.00000 -8.19475;
1.00000 6.39573;
1.00000 -9.34863;
1.00000 25.52312;
1.00000 17.21091;
1.00000 79.12183;
1.00000 82.57166;
1.00000 141.20794;
1.00000 -136.42084;
1.00000 -131.22691;
1.00000 -32.60860;
1.00000 144.08946;
1.00000 -27.30481;
1.00000 -130.44096;
1.00000 66.55009;
1.00000 -59.50148;
1.00000 -160.06668;
1.00000 84.14146;
1.00000 -82.68649;
1.00000 26.49518;
1.00000 -27.41141;
1.00000 -75.39557;
1.00000 -19.35927;
1.00000 -80.31314;
1.00000 -12.68437;
1.00000 56.30796;
1.00000 -68.23425;
1.00000 102.00584;
1.00000 -174.34241;
1.00000 -44.78600;
1.00000 80.72083;
1.00000 -128.09507;
1.00000 -23.06135;
1.00000 -114.60761;
1.00000 158.61250;
1.00000 -125.04498;
1.00000 93.77261;
1.00000 -22.01144;
1.00000 -100.80772;
1.00000 -49.08438;
1.00000 163.70779;
1.00000 -23.56483;
1.00000 158.10470;
1.00000 -38.84998;
1.00000 147.75467;
1.00000 -82.30130;
1.00000 176.46267;
1.00000 -30.83960;
1.00000 -100.62866;
1.00000 -20.92882;
1.00000 100.22482;
1.00000 -57.88852;
1.00000 170.20220;
1.00000 -120.64492;
1.00000 132.49802;
1.00000 -61.00809;
1.00000 81.53040;
1.00000 -32.95719;
1.00000 74.49865;
1.00000 85.91295;
1.00000 -33.14557;
1.00000 44.34971;
1.00000 -157.37880;
1.00000 -36.71149;
1.00000 167.21485;
1.00000 -75.10220;
1.00000 76.44183;
1.00000 21.42368;
1.00000 0.75909;
1.00000 119.81671;
1.00000 65.81118;
1.00000 44.97077;
1.00000 145.16008;
1.00000 -20.27051;
1.00000 123.16145;
1.00000 -75.47687;
1.00000 58.88484;
1.00000 120.87173;
1.00000 -1.48955;
1.00000 -70.68135;
1.00000 -86.20522;
1.00000 -167.98517;
1.00000 -143.51760;
1.00000 165.96780;
1.00000 178.33717;
1.00000 164.43656;
1.00000 -178.60499;
1.00000 178.56851;
1.00000 -158.92304;
1.00000 -152.15255;
1.00000 -73.28388;
1.00000 -92.28028;
1.00000 -25.48142;
1.00000 85.49849;
1.00000 74.42235;
1.00000 -76.84298;
1.00000 176.51493;
1.00000 -126.43775;
1.00000 -18.62384;
1.00000 -93.14974;
1.00000 143.65894;
1.00000 120.12039;
1.00000 169.71595;
1.00000 45.89436;
1.00000 139.19559;
1.00000 64.97069;
1.00000 117.56567;
1.00000 58.17245;
1.00000 148.09138;
1.00000 53.99468;
1.00000 166.16014;
1.00000 116.10080;
1.00000 136.08084;
1.00000 -116.78787;
1.00000 -17.54137;
1.00000 -124.42455;
1.00000 -170.69669;
1.00000 101.16222;
1.00000 -6.11645;
1.00000 105.97530;
1.00000 -71.57997;
1.00000 3.10614;
1.00000 -135.19627;
1.00000 117.39252;
1.00000 98.53206;
1.00000 92.69868;
1.00000 1.63010;
1.00000 93.89819;
1.00000 -5.49177;
1.00000 95.68922;
1.00000 96.25880;
1.00000 118.70209;
1.00000 -135.09579;
1.00000 -8.24438;
1.00000 -72.80366;
1.00000 89.44450;
1.00000 -1.60387;
1.00000 94.57763;
1.00000 38.30200;
1.00000 -137.38522;
1.00000 -21.57804;
1.00000 -148.67540;
1.00000 135.50169;
1.00000 148.21340;
1.00000 75.79874;
1.00000 57.75476;
1.00000 52.04167;
1.00000 35.05174;
1.00000 31.81201;
1.00000 23.91665;
1.00000 45.19512;
1.00000 75.28243;
1.00000 76.96426;
1.00000 149.77565;
1.00000 136.63306;
1.00000 -146.23978;
1.00000 -27.22963;
1.00000 -134.35786;
1.00000 43.52255;
1.00000 32.30014;
1.00000 136.10157;
1.00000 -8.15744;
1.00000 -133.35820;
1.00000 101.36413;
1.00000 155.11955;
1.00000 48.05336;
1.00000 71.81201;
1.00000 5.17391;
1.00000 -56.80430;
1.00000 6.34852;
1.00000 16.16163;
1.00000 12.66751;
1.00000 25.09382;
1.00000 44.30207;
1.00000 142.71146;
1.00000 68.55634;
1.00000 -148.85350;
1.00000 -10.27289;
1.00000 131.03743;
1.00000 30.86540;
1.00000 13.05759;
1.00000 -116.85618;
1.00000 -34.78261;
1.00000 -174.49700;
1.00000 97.96505;
1.00000 115.99383;
1.00000 32.11124;
1.00000 2.92143;
1.00000 -11.66600;
1.00000 38.87146;
1.00000 -8.45385;
1.00000 -10.02077;
1.00000 -3.87096;
1.00000 68.49737;
1.00000 38.90758;
1.00000 123.81457;
1.00000 142.66015;
1.00000 -163.95897;
1.00000 -27.30508;
1.00000 -115.90514;
1.00000 12.58124;
1.00000 0.43146;
1.00000 155.00362;
1.00000 -33.44509;
1.00000 -171.86798;
1.00000 140.70745;
1.00000 127.58878;
1.00000 25.13835;
1.00000 66.24241;
1.00000 -9.92462;
1.00000 -16.26776;
1.00000 -8.40994;
1.00000 1.43437;
1.00000 -9.06370;
1.00000 -5.85674;
1.00000 23.45852;
1.00000 115.20908;
1.00000 82.99332;
1.00000 178.42870;
1.00000 -38.44477;
1.00000 136.76859;
1.00000 -1.95155;
1.00000 9.13727;
1.00000 -115.79141;
1.00000 -34.70901;
1.00000 -176.75675;
1.00000 82.55672;
1.00000 119.45862;
1.00000 32.20956;
1.00000 7.84220;
1.00000 -11.90914;
1.00000 41.75752;
1.00000 -5.20134;
1.00000 -15.09903;
1.00000 -3.15393;
1.00000 71.45083;
1.00000 36.03501;
1.00000 126.18725;
1.00000 153.62528;
1.00000 -167.23463;
1.00000 -27.86870;
1.00000 -124.01566;
1.00000 9.55276;
1.00000 30.88154;
1.00000 134.63131;
1.00000 -8.05756;
1.00000 -135.08452;
1.00000 121.56966;
1.00000 153.45899;
1.00000 42.99354;
1.00000 71.36512;
1.00000 1.74576;
1.00000 -44.74063;
1.00000 3.04200;
1.00000 1.53324;
1.00000 15.70080;
1.00000 26.87026;
1.00000 44.75748;
1.00000 138.67465;
1.00000 72.10001;
1.00000 -145.90217;
1.00000 -17.50556;
1.00000 131.40552;
1.00000 29.17700;
1.00000 38.10169;
1.00000 -132.43331;
1.00000 -32.36347;
1.00000 -150.65102;
1.00000 128.72663;
1.00000 153.69281;
1.00000 79.79806;
1.00000 50.45497;
1.00000 53.78943;
1.00000 29.82719;
1.00000 35.45081;
1.00000 25.49418;
1.00000 49.24873;
1.00000 74.64375;
1.00000 80.64415;
1.00000 152.50884;
1.00000 143.53954;
1.00000 -145.87298;
1.00000 0.09540;
1.00000 -128.96707;
1.00000 44.17895;
1.00000 99.86137;
1.00000 9.77328;
1.00000 79.74952;
1.00000 -67.98689;
1.00000 -1.13808;
1.00000 -134.11818;
1.00000 96.69478;
1.00000 160.10230;
1.00000 82.01595;
1.00000 -4.08985;
1.00000 88.90086;
1.00000 -26.49354;
1.00000 102.85613;
1.00000 65.11132;
1.00000 119.42882;
1.00000 -142.94744;
1.00000 -4.58167;
1.00000 -87.53240;
1.00000 72.73394;
1.00000 -30.75933;
1.00000 107.00069;
1.00000 -171.31604;
1.00000 -138.59879;
1.00000 -34.29529;
1.00000 -116.85748;
1.00000 153.84023;
1.00000 113.52790;
1.00000 166.30564;
1.00000 50.64018;
1.00000 131.71705;
1.00000 72.78499;
1.00000 95.52196;
1.00000 62.72701;
1.00000 124.71910;
1.00000 66.13656;
1.00000 176.19511;
1.00000 97.86474;
1.00000 166.74660;
1.00000 -99.18894;
1.00000 -39.31459;
1.00000 -161.20520;
1.00000 177.69177;
1.00000 -105.48639;
1.00000 42.07924;
1.00000 89.67476;
1.00000 -4.77465;
1.00000 -68.60670;
1.00000 -93.78885;
1.00000 -154.55992;
1.00000 -155.20323;
1.00000 176.24060;
1.00000 -179.39576;
1.00000 174.19499;
1.00000 -171.57639;
1.00000 178.85553;
1.00000 -148.64603;
1.00000 -145.68694;
1.00000 -102.89516;
1.00000 -71.00889;
1.00000 -8.45571;
1.00000 106.33528;
1.00000 21.81227;
1.00000 -100.13902;
1.00000 68.00249;
1.00000 -104.81960;
1.00000 90.30582;
1.00000 -41.50536;
1.00000 73.63810;
1.00000 73.11594;
1.00000 -6.87220;
1.00000 46.11900;
1.00000 -96.69828;
1.00000 118.81555;
1.00000 -63.05530;
1.00000 94.69201;
1.00000 -58.79186;
1.00000 1.24837;
1.00000 82.13477;
1.00000 23.92042;
1.00000 86.54459;
1.00000 -37.35477;
1.00000 38.59157;
1.00000 -137.67441;
1.00000 87.57261;
1.00000 -141.05780;
1.00000 155.50451;
1.00000 -76.84155;
1.00000 131.97655;
1.00000 -10.43727;
1.00000 -114.89216;
1.00000 -62.19196;
1.00000 162.27543;
1.00000 -64.86842;
1.00000 132.37521;
1.00000 -87.20294;
1.00000 130.25677;
1.00000 -91.82997;
1.00000 168.94943;
1.00000 -59.07408;
1.00000 -114.42630;
1.00000 -4.88633;
1.00000 136.94423;
1.00000 -171.17494;
1.00000 154.61488;
1.00000 -135.58332;
1.00000 -8.77077;
1.00000 -125.05839;
1.00000 64.99586;
1.00000 88.57945;
1.00000 -127.63614;
1.00000 129.19136;
1.00000 -28.10126;
1.00000 92.50761;
1.00000 -21.63084;
1.00000 -59.47169;
1.00000 -25.62074;
1.00000 -28.52671;
1.00000 -29.54960;
1.00000 73.67145;
1.00000 -28.39153;
1.00000 124.15454;
1.00000 -141.23158;
1.00000 39.42898;
1.00000 42.66517;
1.00000 -118.68169;
1.00000 -15.18335;
1.00000 142.79955;
1.00000 -34.48231;
1.00000 -121.23818;
1.00000 -120.50340;
1.00000 146.05384;
1.00000 84.13944;
1.00000 74.28029;
1.00000 15.51445;
1.00000 24.11421;
1.00000 -8.77154;
1.00000 5.72111;
1.00000 -12.14452;
1.00000 23.04214;
1.00000 15.07682;
1.00000 75.89370;
1.00000 80.21448;
1.00000 142.33305;
1.00000 -132.32042;
1.00000 -136.35526;
1.00000 -32.34022;
1.00000 141.65607
];
