excitation = [
0.36124 37.53590;
0.25116 0.32149;
0.26267 -61.28670;
0.37161 -74.26596;
0.20166 -119.82080;
0.79436 -89.42228;
0.69999 -165.57872;
0.65864 -99.40499;
0.75088 179.89846;
0.78933 -71.31501;
0.56523 -167.45686;
0.78912 -71.31250;
0.75089 179.91892;
0.65840 -99.39595;
0.70030 -165.57563;
0.79432 -89.39498;
0.20186 -119.90107;
0.37169 -74.24291;
0.26254 -61.28111;
0.25117 0.28983;
0.36128 37.54306;
0.52803 26.68943;
0.52383 -118.26230;
0.48113 22.48382;
0.64183 -134.82704;
0.33811 11.30206;
0.86436 -164.27787;
0.51687 -2.90213;
1.00000 -179.68015;
0.76150 -15.33517;
0.99302 178.12757;
0.86423 -23.31055;
0.99284 178.14605;
0.76119 -15.31093;
1.00000 -179.66458;
0.51719 -2.88981;
0.86494 -164.28126;
0.33875 11.32009;
0.64228 -134.83657;
0.48129 22.49080;
0.52386 -118.26171;
0.52801 26.69145;
0.51936 -90.40954;
0.53245 66.39274;
0.70986 -101.85954;
0.33805 129.61593;
0.60620 -117.61278;
0.59542 149.37975;
0.47023 -171.36998;
0.58633 149.79292;
0.36111 129.68142;
0.62455 -166.86721;
0.20041 132.26012;
0.62521 -166.90090;
0.36031 129.56395;
0.58703 149.84538;
0.46979 -171.40124;
0.59524 149.38755;
0.60653 -117.63792;
0.33810 129.53426;
0.71013 -101.86951;
0.53260 66.38634;
0.51942 -90.41472;
0.60538 -15.71227;
0.86261 -141.81606;
0.24717 -32.61620;
0.75032 -179.49765;
0.29354 131.55898;
0.96946 149.65307;
0.40541 128.28211;
0.96371 109.57342;
0.47404 -145.72660;
0.95918 100.02682;
1.00000 -148.22037;
0.95887 99.95156;
0.47571 -145.85170;
0.96344 109.45647;
0.40589 128.48305;
0.96890 149.62434;
0.29407 131.52719;
0.75027 -179.43906;
0.24681 -32.49935;
0.86281 -141.79858;
0.60533 -15.69980;
0.62973 -103.85057;
0.28877 49.66616;
0.66290 -148.61838;
0.41173 154.95318;
0.76824 160.34651;
0.99999 107.04281;
1.00000 117.86855;
0.91659 94.77128;
0.99833 97.00109;
0.67330 148.92614;
0.83451 109.13536;
0.67442 148.99215;
0.99844 96.87926;
0.91607 94.90242;
1.00000 117.76737;
0.99999 107.10333;
0.76758 160.37020;
0.41232 154.85694;
0.66316 -148.56879;
0.28902 49.69658;
0.62984 -103.85006;
0.74078 -75.96991;
0.64417 175.84355;
0.73094 -133.50254;
0.96451 121.60793;
0.91827 129.47612;
0.96853 101.84583;
0.96768 73.89269;
0.99694 85.06373;
0.82268 56.65547;
0.90709 101.81430;
0.83809 81.90215;
0.90688 101.75473;
0.82175 56.72717;
0.99753 84.99458;
0.96678 73.93937;
0.96851 101.79444;
0.91918 129.48658;
0.96353 121.60812;
0.73074 -133.54062;
0.64423 175.85666;
0.74075 -75.96259;
0.97762 -123.69691;
0.38969 88.95760;
0.46037 172.24519;
0.92866 158.65565;
0.99388 90.13564;
0.98653 85.12754;
0.98623 63.77733;
0.92113 49.30172;
0.65496 66.85016;
1.00000 51.42842;
0.84093 91.61222;
1.00000 51.44275;
0.65480 66.84300;
0.92130 49.28695;
0.98640 63.79124;
0.98655 85.14917;
0.99321 90.08814;
0.92980 158.63358;
0.45978 172.26997;
0.38960 88.96861;
0.97763 -123.70331;
0.69943 -122.96778;
0.22707 167.45954;
0.90503 -169.54989;
0.95981 84.45494;
0.91926 111.12148;
1.00000 67.59710;
0.87606 49.69857;
0.86827 46.90729;
0.97414 36.28307;
0.85014 62.92191;
0.99840 61.31227;
0.84979 62.94692;
0.97532 36.25165;
0.86700 46.98842;
0.87676 49.62409;
1.00000 67.60462;
0.91997 111.16978;
0.95962 84.36990;
0.90602 -169.55005;
0.22689 167.35375;
0.69954 -122.95940;
0.99097 -127.01935;
0.38934 37.88013;
0.66856 169.48114;
0.38234 166.25274;
0.83775 110.26695;
0.96758 69.67213;
0.91280 59.89349;
0.94531 52.00678;
0.97263 47.67383;
0.96876 75.78010;
0.70652 77.00908;
0.96896 75.72664;
0.97122 47.76375;
0.94685 51.86999;
0.91232 60.02559;
0.96701 69.63862;
0.83775 110.17128;
0.38410 166.39419;
0.66736 169.39467;
0.38857 37.84433;
0.99071 -127.02662;
0.47832 -107.77482;
0.46600 -115.80619;
0.94972 -168.41579;
0.68423 90.97859;
0.96459 137.31293;
0.99544 93.19301;
0.99910 69.36625;
0.93604 65.54165;
0.95138 72.99098;
1.00000 74.80155;
0.79464 82.55077;
1.00000 74.85266;
0.95170 72.86696;
0.93542 65.70936;
0.99871 69.23467;
0.99689 93.19198;
0.96500 137.44007;
0.68537 90.77472;
0.95162 -168.36758;
0.46502 -115.77718;
0.47858 -107.77773;
0.82667 -120.41512;
0.24116 2.30611;
0.60514 176.06785;
0.64339 -171.94139;
1.00000 133.32708;
0.95186 92.23215;
0.89602 89.73543;
1.00000 77.35426;
0.75334 78.10141;
0.84490 82.88791;
0.78630 73.28796;
0.84471 82.84936;
0.75332 78.22489;
1.00000 77.21716;
0.89727 89.84448;
0.95011 92.24547;
1.00000 133.17711;
0.64612 -171.82158;
0.60349 175.90287;
0.24054 2.06245;
0.82640 -120.42353;
0.47827 -107.78123;
0.46617 -115.78040;
0.94971 -168.44804;
0.68359 90.98540;
0.96447 137.27537;
0.99573 93.25919;
0.99890 69.24918;
0.93617 65.69868;
0.95111 72.84567;
1.00000 74.90749;
0.79463 82.45086;
1.00000 74.92581;
0.95156 72.77875;
0.93532 65.80833;
0.99886 69.15402;
0.99707 93.24745;
0.96466 137.41740;
0.68534 90.78847;
0.95159 -168.36563;
0.46496 -115.79073;
0.47859 -107.76772;
0.99095 -127.01654;
0.38949 37.92485;
0.66833 169.54351;
0.38240 166.11962;
0.83759 110.31841;
0.96748 69.57476;
0.91307 60.07866;
0.94548 51.78398;
0.97193 47.86398;
0.96853 75.64810;
0.70655 77.13086;
0.96872 75.64155;
0.97085 47.87963;
0.94714 51.73568;
0.91216 60.14356;
0.96699 69.56790;
0.83804 110.19863;
0.38397 166.40256;
0.66741 169.38575;
0.38862 37.81601;
0.99074 -127.03317;
0.69927 -122.97268;
0.22690 167.59614;
0.90498 -169.62505;
0.95836 84.43382;
0.92013 111.09959;
1.00000 67.63153;
0.87576 49.56804;
0.86846 47.08755;
0.97468 36.15735;
0.85009 62.99498;
0.99862 61.29011;
0.84996 62.99474;
0.97555 36.16120;
0.86682 47.11604;
0.87700 49.52915;
1.00000 67.64506;
0.91986 111.16335;
0.95969 84.36796;
0.90590 -169.53715;
0.22724 167.33515;
0.69945 -122.94570;
0.97775 -123.69092;
0.39038 88.99244;
0.45953 172.39554;
0.93021 158.59238;
0.99291 90.06111;
0.98618 85.19241;
0.98786 63.78726;
0.91974 49.21366;
0.65599 66.93121;
1.00000 51.40553;
0.84089 91.62735;
1.00000 51.39462;
0.65554 66.98835;
0.92104 49.16383;
0.98709 63.85473;
0.98594 85.15107;
0.99362 90.05541;
0.93014 158.67465;
0.45973 172.19998;
0.38924 88.92611;
0.97766 -123.71718;
0.74055 -75.97094;
0.64375 175.90377;
0.73065 -133.61886;
0.96257 121.57821;
0.92018 129.53208;
0.96818 101.73224;
0.96627 73.95112;
0.99820 85.04944;
0.82279 56.61341;
0.90640 101.89642;
0.83958 81.80374;
0.90675 101.89975;
0.82291 56.57223;
0.99804 85.11025;
0.96648 73.88748;
0.96875 101.76838;
0.91946 129.55483;
0.96370 121.53743;
0.73160 -133.51450;
0.64442 175.80690;
0.74095 -75.95131;
0.62983 -103.83203;
0.28877 49.79096;
0.66237 -148.52840;
0.41344 154.99900;
0.76604 160.27944;
0.99999 107.20917;
1.00000 117.70738;
0.91584 94.87649;
0.99791 96.97381;
0.67378 148.78445;
0.83296 109.26266;
0.67354 148.80332;
0.99813 96.99492;
0.91598 94.83648;
1.00000 117.74194;
0.99999 107.19788;
0.76603 160.24972;
0.41329 155.13795;
0.66166 -148.62995;
0.28820 49.61264;
0.62955 -103.86005;
0.60523 -15.72641;
0.86200 -141.80641;
0.24656 -32.88322;
0.74842 -179.59346;
0.29393 132.22087;
0.96766 149.41852;
0.40569 128.92770;
0.96452 109.35098;
0.47639 -145.80669;
0.95856 99.95230;
1.00000 -148.27334;
0.95857 99.96290;
0.47583 -145.82068;
0.96380 109.39469;
0.40642 128.80815;
0.96712 149.45942;
0.29452 132.22943;
0.74792 -179.61814;
0.24684 -33.07138;
0.86168 -141.84692;
0.60540 -15.74382;
0.51912 -90.41718;
0.53179 66.36166;
0.70842 -101.86811;
0.33662 129.93072;
0.60306 -117.65321;
0.59524 149.73194;
0.46780 -171.70131;
0.58671 150.07105;
0.36128 129.42913;
0.62495 -166.86614;
0.20041 132.36692;
0.62462 -166.89398;
0.36082 129.57890;
0.58713 149.92446;
0.46812 -171.49880;
0.59618 149.62426;
0.60364 -117.57204;
0.33712 129.98092;
0.70797 -101.85144;
0.53143 66.34470;
0.51902 -90.42277;
0.52809 26.67429;
0.52362 -118.30790;
0.48123 22.37406;
0.64134 -134.94100;
0.33825 11.03659;
0.86406 -164.36758;
0.51680 -3.00449;
1.00000 -179.68886;
0.76163 -15.27586;
0.99369 178.21085;
0.86445 -23.18762;
0.99373 178.22989;
0.76152 -15.21801;
1.00000 -179.62262;
0.51649 -2.86952;
0.86394 -164.29460;
0.33784 11.16274;
0.64106 -134.89841;
0.48083 22.35966;
0.52333 -118.31609;
0.52805 26.66443;
0.36126 37.54400;
0.25128 0.28685;
0.26230 -61.31420;
0.37210 -74.21150;
0.20163 -119.99994;
0.79456 -89.39409;
0.70028 -165.57804;
0.65815 -99.38948;
0.75126 179.96522;
0.78836 -71.25724;
0.56598 -167.35210;
0.78829 -71.25480;
0.75123 179.98487;
0.65779 -99.40290;
0.70017 -165.54576;
0.79433 -89.41150;
0.20155 -119.92904;
0.37222 -74.25138;
0.26204 -61.26511;
0.25133 0.23925;
0.36125 37.55479
];
