excitation = [
1.00000 169.18860;
1.00000 69.61827;
1.00000 -26.41400;
1.00000 -69.11342;
1.00000 -148.16781;
1.00000 129.45399;
1.00000 99.68428;
1.00000 45.30137;
1.00000 4.73900;
1.00000 5.80560;
1.00000 -20.64875;
1.00000 5.80478;
1.00000 4.74300;
1.00000 45.30199;
1.00000 99.68520;
1.00000 129.45446;
1.00000 -148.17003;
1.00000 -69.11548;
1.00000 -26.41346;
1.00000 69.61379;
1.00000 169.18574;
1.00000 96.31691;
1.00000 -14.58928;
1.00000 -127.56001;
0.97308 -137.65893;
1.00000 120.85057;
0.98084 14.11759;
1.00000 35.74449;
1.00000 -61.68335;
0.97215 -49.87503;
1.00000 -91.59967;
0.97928 -69.40976;
1.00000 -91.60240;
0.97216 -49.85764;
1.00000 -61.69562;
1.00000 35.71895;
0.98084 14.11040;
1.00000 120.84680;
0.97308 -137.64815;
1.00000 -127.56261;
1.00000 -14.59425;
1.00000 96.31511;
1.00000 14.52713;
1.00000 -98.89909;
1.00000 141.90070;
0.31465 141.90138;
1.00000 32.14066;
0.99780 -103.19315;
0.95870 73.36057;
1.00000 -170.76892;
0.70417 71.94769;
0.70281 139.60219;
0.94300 -105.18350;
0.70232 139.57380;
0.70373 72.00324;
1.00000 -170.77487;
0.95969 73.36797;
0.99781 -103.19007;
1.00000 32.14423;
0.31466 141.90988;
1.00000 141.89802;
1.00000 -98.88951;
1.00000 14.53012;
1.00000 -81.30878;
0.95640 165.32556;
0.83161 -31.60716;
0.99331 -142.06392;
0.98627 76.74661;
0.93307 154.25014;
0.69483 115.46636;
0.88760 -85.65153;
0.95774 119.30575;
1.00000 -17.82113;
0.74104 8.87138;
1.00000 -17.83072;
0.95778 119.27257;
0.88771 -85.62421;
0.69417 115.64127;
0.93340 154.25199;
0.98628 76.72248;
0.99331 -142.07622;
0.83210 -31.58804;
0.95638 165.36477;
1.00000 -81.29307;
0.94472 -105.72351;
0.69564 -75.28263;
1.00000 147.74509;
0.99706 93.27324;
1.00000 -20.70963;
0.97594 -113.78969;
0.40892 -88.70973;
0.70251 30.53517;
0.99726 -59.80661;
1.00000 -96.16372;
0.97670 -99.87686;
1.00000 -96.16014;
0.99728 -59.81505;
0.70202 30.65879;
0.40953 -88.25073;
0.97605 -113.82215;
1.00000 -20.71701;
0.99706 93.26425;
1.00000 147.75583;
0.69572 -75.22790;
0.94469 -105.73865;
0.99144 -150.86579;
0.99966 -2.57241;
0.99981 -12.28681;
1.00000 -45.51811;
0.98633 -129.41831;
1.00000 56.55448;
0.95837 -38.20090;
0.97466 -112.91687;
0.99751 -136.81621;
0.99483 -168.72347;
0.99404 -171.12192;
0.99483 -168.72222;
0.99751 -136.81453;
0.97467 -112.91847;
0.95835 -38.21845;
1.00000 56.59181;
0.98632 -129.38530;
1.00000 -45.53273;
0.99980 -12.26738;
0.99966 -2.58175;
0.99143 -150.84700;
0.99987 161.41394;
0.99968 -104.34047;
0.97261 112.21033;
0.99743 137.28641;
0.96568 40.79717;
1.00000 -45.89703;
1.00000 -124.00762;
1.00000 178.79126;
1.00000 150.10542;
1.00000 122.30468;
1.00000 120.89693;
1.00000 122.30576;
1.00000 150.10714;
1.00000 178.79206;
1.00000 -124.00980;
1.00000 -45.89063;
0.96567 40.80178;
0.99743 137.27697;
0.97206 112.20417;
0.99970 -104.34310;
0.99988 161.41061;
1.00000 114.68515;
0.99901 -48.57956;
0.81608 88.40218;
0.98974 -81.95172;
1.00000 -14.49085;
1.00000 -106.35903;
1.00000 175.70562;
1.00000 122.13453;
1.00000 92.20280;
1.00000 65.05803;
1.00000 62.31846;
1.00000 65.05818;
1.00000 92.20426;
1.00000 122.13563;
1.00000 175.70638;
1.00000 -106.35818;
1.00000 -14.49957;
0.98974 -81.94403;
0.81603 88.41634;
0.99900 -48.57559;
1.00000 114.68168;
1.00000 75.10911;
0.99613 -90.80645;
1.00000 90.31198;
0.81665 -173.29974;
1.00000 -42.89630;
1.00000 -141.59754;
1.00000 138.87327;
1.00000 85.97379;
1.00000 50.09515;
1.00000 23.52648;
1.00000 19.25682;
1.00000 23.52643;
1.00000 50.09539;
1.00000 85.97397;
1.00000 138.87487;
1.00000 -141.59747;
1.00000 -42.89994;
0.81677 -173.29566;
1.00000 90.30900;
0.99613 -90.80590;
1.00000 75.10663;
1.00000 44.60270;
0.97621 -117.40634;
1.00000 56.08336;
1.00000 -52.26969;
1.00000 -71.16393;
1.00000 -167.06106;
1.00000 116.59682;
1.00000 66.33334;
1.00000 25.83650;
1.00000 -0.91570;
1.00000 -5.57441;
1.00000 -0.91649;
1.00000 25.83659;
1.00000 66.33314;
1.00000 116.59509;
1.00000 -167.05981;
1.00000 -71.16301;
1.00000 -52.26095;
1.00000 56.08229;
0.97623 -117.40701;
1.00000 44.60153;
0.99518 33.96080;
0.99747 -128.93371;
1.00000 74.10325;
1.00000 3.85652;
1.00000 -87.74590;
1.00000 -173.41039;
1.00000 112.30788;
1.00000 57.29268;
1.00000 16.19104;
1.00000 -7.39362;
0.97062 -16.50589;
1.00000 -7.39325;
1.00000 16.18997;
1.00000 57.29183;
1.00000 112.30864;
1.00000 -173.41240;
1.00000 -87.74602;
1.00000 3.84981;
1.00000 74.10673;
0.99746 -128.93678;
0.99519 33.95373;
1.00000 44.59938;
0.97621 -117.40814;
1.00000 56.08143;
1.00000 -52.27621;
1.00000 -71.16166;
1.00000 -167.06121;
1.00000 116.59651;
1.00000 66.33392;
1.00000 25.83608;
1.00000 -0.91546;
1.00000 -5.57429;
1.00000 -0.91622;
1.00000 25.83690;
1.00000 66.33323;
1.00000 116.59498;
1.00000 -167.05885;
1.00000 -71.16116;
1.00000 -52.28256;
1.00000 56.08494;
0.97624 -117.40423;
1.00000 44.60416;
1.00000 75.11021;
0.99613 -90.80562;
1.00000 90.30518;
0.81663 -173.29512;
1.00000 -42.89429;
1.00000 -141.59535;
1.00000 138.87397;
1.00000 85.97270;
1.00000 50.09575;
1.00000 23.52636;
1.00000 19.25651;
1.00000 23.52725;
1.00000 50.09451;
1.00000 85.97477;
1.00000 138.87448;
1.00000 -141.59903;
1.00000 -42.90082;
0.81651 -173.30217;
1.00000 90.30529;
0.99612 -90.80923;
1.00000 75.10560;
1.00000 114.68271;
0.99901 -48.58545;
0.81576 88.42330;
0.98974 -81.94455;
1.00000 -14.49942;
1.00000 -106.36098;
1.00000 175.70763;
1.00000 122.13623;
1.00000 92.20376;
1.00000 65.05791;
1.00000 62.31899;
1.00000 65.05767;
1.00000 92.20428;
1.00000 122.13445;
1.00000 175.70524;
1.00000 -106.35630;
1.00000 -14.49822;
0.98974 -81.94610;
0.81590 88.42865;
0.99900 -48.57310;
1.00000 114.68600;
0.99989 161.41226;
0.99968 -104.33958;
0.97241 112.19898;
0.99743 137.27846;
0.96569 40.80488;
1.00000 -45.89287;
1.00000 -124.00742;
1.00000 178.79287;
1.00000 150.10644;
1.00000 122.30570;
1.00000 120.89590;
1.00000 122.30552;
1.00000 150.10641;
1.00000 178.79093;
1.00000 -124.00897;
1.00000 -45.89639;
0.96567 40.79722;
0.99743 137.28544;
0.97245 112.20342;
0.99970 -104.35061;
0.99987 161.41322;
0.99142 -150.85247;
0.99966 -2.57894;
0.99981 -12.28474;
1.00000 -45.52539;
0.98634 -129.39752;
1.00000 56.58255;
0.95835 -38.21223;
0.97467 -112.92135;
0.99752 -136.81376;
0.99482 -168.72356;
0.99405 -171.12211;
0.99482 -168.72281;
0.99751 -136.81739;
0.97467 -112.91535;
0.95835 -38.20425;
1.00000 56.57267;
0.98632 -129.40257;
1.00000 -45.52604;
0.99980 -12.28130;
0.99966 -2.58410;
0.99145 -150.86183;
0.94471 -105.73440;
0.69575 -75.25889;
1.00000 147.74695;
0.99706 93.27112;
1.00000 -20.71652;
0.97600 -113.81712;
0.40939 -88.34980;
0.70206 30.62243;
0.99726 -59.81310;
1.00000 -96.15769;
0.97668 -99.87769;
1.00000 -96.15840;
0.99728 -59.81633;
0.70217 30.60622;
0.40926 -88.44446;
0.97604 -113.81378;
1.00000 -20.71342;
0.99706 93.26750;
1.00000 147.75000;
0.69573 -75.25570;
0.94471 -105.72584;
1.00000 -81.30037;
0.95638 165.34559;
0.83190 -31.60678;
0.99330 -142.07163;
0.98627 76.73071;
0.93325 154.24825;
0.69443 115.57918;
0.88748 -85.63993;
0.95775 119.28269;
1.00000 -17.82279;
0.74106 8.85936;
1.00000 -17.82225;
0.95777 119.28965;
0.88748 -85.63143;
0.69428 115.56859;
0.93313 154.24504;
0.98628 76.74008;
0.99332 -142.06811;
0.83178 -31.60285;
0.95640 165.33667;
1.00000 -81.30036;
1.00000 14.52733;
1.00000 -98.89378;
1.00000 141.90038;
0.31466 141.91266;
1.00000 32.14229;
0.99780 -103.19522;
0.95918 73.35402;
1.00000 -170.77156;
0.70373 71.97922;
0.70243 139.57857;
0.94299 -105.18718;
0.70255 139.58880;
0.70391 71.96315;
1.00000 -170.77506;
0.95922 73.35807;
0.99781 -103.19466;
1.00000 32.14074;
0.31466 141.88201;
1.00000 141.90198;
1.00000 -98.89429;
1.00000 14.52832;
1.00000 96.31535;
1.00000 -14.59354;
1.00000 -127.56176;
0.97308 -137.64964;
1.00000 120.84921;
0.98085 14.10432;
1.00000 35.72825;
1.00000 -61.68812;
0.97216 -49.86497;
1.00000 -91.60087;
0.97928 -69.41294;
1.00000 -91.60021;
0.97216 -49.87235;
1.00000 -61.68728;
1.00000 35.72879;
0.98084 14.11150;
1.00000 120.84833;
0.97308 -137.65625;
1.00000 -127.55878;
1.00000 -14.59031;
1.00000 96.31572;
1.00000 169.18728;
1.00000 69.61495;
1.00000 -26.41340;
1.00000 -69.11376;
1.00000 -148.16894;
1.00000 129.45478;
1.00000 99.68270;
1.00000 45.30050;
1.00000 4.73909;
1.00000 5.80385;
1.00000 -20.64854;
1.00000 5.80424;
1.00000 4.74167;
1.00000 45.30218;
1.00000 99.68500;
1.00000 129.45397;
1.00000 -148.16943;
1.00000 -69.11577;
1.00000 -26.41366;
1.00000 69.61614;
1.00000 169.18595
];
