excitation = [
0.98926 144.04102;
0.99581 0.97579;
0.98096 -117.78353;
0.90097 129.21561;
0.67370 19.79220;
0.59452 -44.16626;
0.85180 -123.40167;
0.99332 157.73553;
1.00000 83.31677;
1.00000 23.90855;
0.96579 -37.79360;
0.98409 -83.76624;
0.99988 -133.64402;
0.87927 -165.90107;
0.89946 168.88271;
0.93375 150.42083;
0.96864 142.09367;
0.95101 139.35539;
0.81461 147.31899;
0.98970 173.68960;
0.97349 -145.25811;
0.97876 90.90024;
0.96523 -61.15087;
0.97315 163.22000;
0.99585 18.72221;
0.98084 -141.42613;
0.82713 49.55644;
0.70868 -135.16486;
0.69847 42.27652;
0.28179 -163.26276;
1.00000 -29.00341;
1.00000 -133.66092;
0.96899 -176.86727;
0.99999 133.91955;
0.88650 93.69199;
0.94351 79.42526;
0.99999 45.62771;
0.98468 28.08812;
0.85055 49.69623;
0.67915 -27.03984;
0.98541 61.07139;
0.94213 120.18392;
0.99653 45.20098;
0.99587 -96.43224;
0.90953 108.99894;
0.44052 -84.17552;
0.72422 47.52837;
0.72530 -120.85438;
0.47165 117.54733;
0.58827 37.41985;
0.99971 -78.67127;
0.91913 143.31538;
0.28179 -34.93800;
0.39641 123.89180;
0.28228 48.60167;
0.28546 -6.17773;
0.78939 -68.48660;
0.28179 117.36221;
0.94944 -150.19393;
0.58573 12.40600;
0.93257 167.17280;
0.92164 -50.47327;
0.95525 39.74798;
0.98891 -11.04326;
0.97444 -142.24792;
0.99828 73.41779;
0.73929 -62.60143;
0.31138 157.26353;
0.28179 -119.47630;
0.82117 79.98706;
0.97842 -64.48587;
0.67412 148.98871;
0.39432 -85.61577;
0.99997 114.55981;
1.00000 15.67132;
0.54482 -1.64840;
0.81955 -35.98603;
0.37186 154.52558;
0.80383 -53.56156;
1.00000 92.51072;
0.98766 -89.18325;
0.97623 53.08898;
0.64542 -93.57687;
0.96924 -33.02503;
0.93929 -62.16403;
0.97240 171.84243;
0.99989 12.14354;
0.92908 -151.65025;
0.90722 20.48079;
0.97811 -159.01233;
0.98479 41.46838;
0.99960 -91.59366;
0.96499 159.61722;
0.97281 80.47876;
0.92670 13.63552;
0.99908 -36.78023;
1.00000 -87.93353;
0.95195 -108.82965;
0.97281 -136.30791;
0.98434 -162.67416;
0.41316 -39.36287;
0.74486 -169.08539;
0.98497 -1.50679;
0.60576 -144.43509;
0.93060 -98.98905;
0.99068 -109.42029;
0.99511 123.60171;
0.96087 -25.40840;
0.91418 172.43821;
0.58087 -48.52197;
0.77518 108.49440;
0.89503 -48.68407;
0.97502 -171.28015;
0.89387 103.04095;
0.89121 35.39739;
0.93273 -26.13603;
0.96468 -89.12890;
0.89189 -138.79851;
0.96811 -174.71285;
0.99840 159.13439;
0.99576 136.85306;
0.89854 127.61839;
0.98956 141.19488;
0.91451 -58.23445;
0.56427 94.47826;
0.97693 -157.45482;
0.96271 -143.68080;
0.97811 91.36630;
1.00000 -78.87347;
0.69681 101.15581;
0.51821 -144.35141;
0.98065 16.60162;
1.00000 -117.00399;
0.94794 159.25300;
1.00000 75.79755;
0.99984 -1.64296;
1.00000 -73.01230;
0.90527 -132.73965;
0.91912 -179.14411;
0.93782 136.34702;
0.93978 103.94751;
0.89452 90.86638;
0.99188 85.65535;
0.91257 83.44283;
0.44569 174.53456;
0.86065 0.02643;
0.94558 148.32389;
0.98289 -169.76772;
0.99157 70.53014;
0.93465 -77.69216;
0.78449 140.57681;
0.55369 44.59227;
0.99989 -55.79527;
0.97206 -158.96944;
0.88490 115.90106;
0.94084 36.62220;
0.97984 -44.87858;
0.91545 -109.89222;
0.90476 -172.58169;
0.77555 145.12265;
0.93559 108.89696;
0.79373 75.26739;
1.00000 64.74548;
0.92045 39.14918;
0.75120 50.66426;
0.97173 69.64810;
0.81731 -43.30402;
0.99180 130.71064;
0.98994 166.97241;
0.99357 48.12096;
0.99540 -96.98976;
0.90199 127.19148;
1.00000 15.99193;
0.98857 -85.78959;
0.89001 -171.23172;
0.96684 100.23044;
0.94908 11.80997;
0.92718 -63.57634;
0.83783 -132.59719;
0.86135 179.67265;
0.97287 123.35960;
0.91985 78.41600;
0.95841 51.31944;
0.86935 22.40564;
0.78270 28.18227;
0.92912 29.75664;
1.00000 33.19204;
0.72476 44.30148;
0.99262 109.19698;
0.98897 150.13725;
0.97991 23.43191;
0.98113 -116.56817;
0.99886 112.09138;
1.00000 -3.31045;
0.89974 -98.20412;
1.00000 168.85467;
0.97260 78.00624;
0.99967 -3.18214;
0.93574 -81.34844;
0.91821 -144.96991;
0.83321 148.80276;
0.81247 103.06435;
0.65531 55.49812;
0.70672 42.21698;
0.73675 19.92616;
1.00000 2.48179;
0.86606 1.93988;
0.94382 28.67474;
0.96303 31.92204;
0.93218 92.77878;
0.97080 148.15728;
0.98444 27.72093;
0.99182 -113.82385;
0.96160 113.88821;
0.95452 6.44829;
1.00000 -98.82032;
0.97270 167.36304;
1.00000 75.50943;
0.92460 -9.17341;
0.88286 -79.94579;
0.79118 -149.64180;
0.85608 155.46426;
0.62985 103.54290;
0.97777 71.15723;
0.81253 13.48118;
0.89856 14.63250;
0.76143 -9.10421;
0.98597 7.46198;
0.98358 10.49774;
0.76141 33.41866;
0.96905 82.12298;
0.98898 150.13700;
0.97990 23.43121;
0.98112 -116.56869;
0.99885 112.09141;
1.00000 -3.30992;
0.89975 -98.20415;
1.00000 168.85400;
0.97260 78.00646;
0.99968 -3.18343;
0.93569 -81.34910;
0.91823 -144.96564;
0.83328 148.79910;
0.81239 103.06387;
0.65536 55.50316;
0.70668 42.21285;
0.73676 19.92947;
1.00000 2.48047;
0.86608 1.93982;
0.94382 28.67613;
0.96303 31.92109;
0.93219 92.77900;
0.98994 166.97237;
0.99356 48.12151;
0.99540 -96.98924;
0.90199 127.19134;
1.00000 15.99146;
0.98856 -85.79003;
0.89001 -171.23107;
0.96684 100.23049;
0.94908 11.81161;
0.92724 -63.57692;
0.83779 -132.60270;
0.86131 179.67944;
0.97299 123.35821;
0.91977 78.41269;
0.95845 51.32289;
0.86932 22.40273;
0.78273 28.18307;
0.92910 29.75795;
1.00000 33.18978;
0.72477 44.30421;
0.99260 109.19687;
0.98290 -169.76785;
0.99156 70.52937;
0.93464 -77.69263;
0.78448 140.57815;
0.55372 44.59273;
0.99990 -55.79571;
0.97206 -158.97070;
0.88488 115.90079;
0.94084 36.62246;
0.97983 -44.87767;
0.91548 -109.89194;
0.90475 -172.58368;
0.77553 145.12483;
0.93561 108.89621;
0.79372 75.26763;
1.00000 64.74513;
0.92044 39.14993;
0.75119 50.66191;
0.97176 69.65001;
0.81734 -43.30468;
0.99181 130.71047;
0.96272 -143.68061;
0.97811 91.36612;
1.00000 -78.87371;
0.69682 101.15414;
0.51825 -144.35219;
0.98066 16.60123;
1.00000 -117.00447;
0.94793 159.25307;
1.00000 75.79827;
0.99984 -1.64320;
1.00000 -73.01224;
0.90527 -132.74041;
0.91911 -179.14333;
0.93784 136.34642;
0.93975 103.94814;
0.89455 90.86532;
0.99185 85.65630;
0.91261 83.44240;
0.44569 174.54208;
0.86065 0.03002;
0.94558 148.32483;
0.99069 -109.42049;
0.99510 123.60178;
0.96088 -25.40810;
0.91419 172.43869;
0.58088 -48.52015;
0.77520 108.49549;
0.89507 -48.68384;
0.97507 -171.28199;
0.89384 103.03780;
0.89117 35.39939;
0.93275 -26.13423;
0.96471 -89.12926;
0.89189 -138.79988;
0.96811 -174.71165;
0.99840 159.13255;
0.99577 136.85547;
0.89852 127.61577;
0.98957 141.19695;
0.91449 -58.23178;
0.56422 94.47971;
0.97693 -157.45540;
0.93929 -62.16415;
0.97240 171.84145;
0.99988 12.14289;
0.92906 -151.65022;
0.90719 20.48155;
0.97810 -159.01123;
0.98479 41.47008;
0.99962 -91.59091;
0.96506 159.61727;
0.97281 80.47535;
0.92666 13.63521;
0.99908 -36.77933;
1.00000 -87.93301;
0.95196 -108.83014;
0.97281 -136.30869;
0.98432 -162.67205;
0.41308 -39.36487;
0.74483 -169.08350;
0.98496 -1.51044;
0.60573 -144.44289;
0.93062 -98.98896;
0.98891 -11.04355;
0.97444 -142.24796;
0.99828 73.41766;
0.73928 -62.60380;
0.31133 157.26201;
0.28179 -119.48266;
0.82116 79.98540;
0.97840 -64.48660;
0.67411 148.99013;
0.39432 -85.61477;
0.99997 114.55967;
1.00000 15.67182;
0.54482 -1.65137;
0.81952 -35.98439;
0.37183 154.52312;
0.80382 -53.56520;
1.00000 92.50901;
0.98768 -89.18119;
0.97624 53.09431;
0.64547 -93.57177;
0.96923 -33.02446;
0.99653 45.20138;
0.99587 -96.43159;
0.90953 108.99948;
0.44051 -84.17325;
0.72418 47.53066;
0.72530 -120.85137;
0.47166 117.54851;
0.58828 37.41881;
0.99971 -78.67164;
0.91913 143.31477;
0.28179 -34.94395;
0.39641 123.88828;
0.28228 48.60639;
0.28548 -6.18233;
0.78938 -68.48790;
0.28179 117.35780;
0.94944 -150.19519;
0.58572 12.40295;
0.93256 167.17246;
0.92163 -50.47299;
0.95525 39.74760;
0.97875 90.90014;
0.96523 -61.15040;
0.97314 163.22004;
0.99585 18.72279;
0.98084 -141.42467;
0.82715 49.55895;
0.70869 -135.16329;
0.69847 42.27752;
0.28179 -163.25960;
1.00000 -29.00321;
1.00000 -133.66155;
0.96898 -176.86733;
0.99999 133.92096;
0.88652 93.69114;
0.94351 79.42575;
0.99999 45.62730;
0.98468 28.08747;
0.85057 49.69721;
0.67914 -27.04001;
0.98539 61.07064;
0.94213 120.18386;
0.98927 144.04089;
0.99580 0.97546;
0.98095 -117.78363;
0.90095 129.21511;
0.67366 19.79535;
0.59458 -44.16642;
0.85180 -123.40287;
0.99332 157.73528;
1.00000 83.31697;
1.00000 23.90856;
0.96579 -37.79373;
0.98410 -83.76596;
0.99987 -133.64453;
0.87926 -165.90048;
0.89947 168.88288;
0.93374 150.42030;
0.96864 142.09415;
0.95100 139.35500;
0.81460 147.31969;
0.98970 173.68897;
0.97349 -145.25806
];
