excitation = [
0.69782 -55.57648;
1.00000 30.25398;
1.00000 -73.68158;
1.00000 -162.58945;
1.00000 145.43148;
1.00000 85.37795;
1.00000 43.73593;
1.00000 10.83943;
1.00000 -13.67443;
1.00000 -25.38350;
1.00000 -32.84397;
1.00000 -25.50152;
1.00000 -13.72183;
1.00000 10.68492;
1.00000 43.52956;
1.00000 85.44695;
1.00000 145.42088;
1.00000 -162.22804;
1.00000 -73.43411;
1.00000 29.55751;
0.69540 -56.01249;
0.99882 -71.48362;
1.00000 -137.50732;
0.74948 103.52498;
0.99976 -53.65122;
0.50957 93.62341;
1.00000 -152.36698;
0.73787 44.85574;
1.00000 -136.40218;
0.80444 -23.50902;
1.00000 -140.74666;
0.51149 -85.83609;
1.00000 -141.07360;
0.80301 -25.42497;
1.00000 -137.44081;
0.73308 46.44160;
1.00000 -151.34717;
0.50951 94.85483;
0.99976 -54.75545;
0.75604 104.85582;
1.00000 -137.25224;
0.99903 -71.82481;
0.82944 -118.17914;
1.00000 170.61827;
0.72170 36.40630;
1.00000 121.12753;
1.00000 10.08740;
0.91288 -27.89216;
0.99200 -115.42022;
0.50314 38.74152;
1.00000 163.62870;
0.81397 179.27451;
0.80596 44.12232;
0.81112 178.96342;
1.00000 161.36952;
0.50314 31.21205;
0.99494 -115.42145;
0.92510 -27.82787;
1.00000 9.38344;
1.00000 120.44175;
0.73277 35.55878;
1.00000 169.87142;
0.84439 -117.76325;
1.00000 117.56487;
1.00000 47.88752;
1.00000 -95.10777;
0.53229 -42.78414;
1.00000 -157.67991;
0.83372 165.49658;
0.97908 71.03957;
0.50472 -144.63046;
0.50314 -14.96609;
0.91728 -35.92516;
1.00000 -165.89757;
0.92546 -35.97913;
0.50314 -18.21708;
0.50477 -151.74568;
0.99637 70.63629;
0.85025 165.91600;
1.00000 -158.86839;
0.54895 -43.93092;
1.00000 -96.89619;
1.00000 47.87526;
1.00000 116.69451;
1.00000 -53.16383;
0.92391 128.40626;
0.71346 107.09049;
0.78230 6.72805;
0.60953 -92.65950;
0.50314 23.10629;
0.99961 -129.51337;
0.64714 120.46038;
0.80873 135.67871;
0.94162 118.22906;
0.76580 63.55813;
0.95685 117.65723;
0.80462 135.20743;
0.62149 120.47585;
0.99972 -129.74293;
0.50314 18.07541;
0.60752 -93.57769;
0.77970 7.69826;
0.69457 105.05566;
0.92027 128.08592;
1.00000 -53.40544;
0.98136 130.74246;
1.00000 -5.87384;
0.99766 -85.38032;
1.00000 -156.79162;
1.00000 114.14522;
1.00000 101.76946;
1.00000 37.86453;
1.00000 11.21994;
1.00000 -15.58928;
1.00000 -43.13609;
1.00000 -29.99443;
1.00000 -43.40784;
1.00000 -15.62509;
1.00000 11.76103;
1.00000 38.14735;
1.00000 101.10133;
1.00000 114.56236;
1.00000 -156.00227;
0.99750 -86.21551;
1.00000 -6.15276;
0.98431 130.79297;
0.74517 112.93070;
0.73737 -130.72600;
1.00000 70.35434;
0.68866 -132.82731;
1.00000 6.87953;
0.97505 -111.98483;
0.63094 -76.53729;
0.50314 -79.12169;
1.00000 -138.96120;
0.86259 -119.73948;
0.99983 -150.02180;
0.85188 -119.46111;
1.00000 -139.12964;
0.50314 -80.17741;
0.63187 -75.77285;
0.96931 -111.13147;
1.00000 6.49630;
0.68285 -133.27907;
1.00000 70.01893;
0.71977 -131.75803;
0.73665 112.82379;
1.00000 48.26749;
0.78834 -115.65853;
0.60277 -57.77399;
1.00000 170.38289;
0.99759 41.86942;
0.99912 101.45483;
1.00000 12.15277;
0.84924 -137.57390;
0.88663 -14.17258;
1.00000 -166.67837;
0.50314 -73.40947;
1.00000 -167.54660;
0.91226 -17.52828;
0.84434 -140.07358;
1.00000 11.56660;
0.99903 101.54422;
0.99754 41.90509;
1.00000 170.63699;
0.61123 -58.01844;
0.81096 -114.84199;
1.00000 48.94115;
1.00000 23.96419;
0.80906 112.21334;
1.00000 -27.32355;
1.00000 138.81687;
1.00000 -8.98005;
1.00000 -86.62514;
1.00000 -81.29980;
1.00000 -145.35011;
0.99797 -141.85164;
1.00000 -176.55484;
1.00000 168.94957;
1.00000 -176.39307;
0.99789 -141.17248;
1.00000 -145.24011;
1.00000 -81.08207;
1.00000 -86.61679;
1.00000 -9.16203;
1.00000 138.62612;
1.00000 -26.65047;
0.81645 112.31119;
1.00000 23.49324;
1.00000 -10.50071;
1.00000 -157.61206;
0.80902 -87.92280;
1.00000 134.39071;
1.00000 11.59430;
0.50314 136.05359;
1.00000 -55.89185;
1.00000 169.82300;
0.51483 168.22453;
1.00000 145.45614;
0.50314 -77.06249;
1.00000 146.35945;
0.51510 160.32806;
1.00000 170.88609;
1.00000 -55.64165;
0.50314 133.94968;
1.00000 11.93225;
1.00000 134.27910;
0.83140 -88.10008;
1.00000 -157.33852;
1.00000 -10.72685;
1.00000 -28.32301;
1.00000 130.53291;
0.99827 -16.28140;
1.00000 113.91108;
1.00000 -29.53676;
0.99889 -95.67104;
1.00000 -95.34523;
1.00000 -172.55365;
1.00000 -129.56540;
1.00000 161.80212;
0.99590 168.71137;
1.00000 162.44707;
1.00000 -129.78367;
1.00000 -171.76859;
1.00000 -95.66906;
0.99950 -96.15009;
1.00000 -29.92490;
1.00000 113.68226;
0.99849 -15.79157;
1.00000 130.71528;
1.00000 -28.33418;
1.00000 -10.56554;
1.00000 -157.78798;
0.81037 -88.08237;
1.00000 134.26382;
1.00000 11.76384;
0.50314 138.99623;
1.00000 -54.84878;
1.00000 170.18874;
0.51488 166.26731;
1.00000 145.40285;
0.50314 -78.32264;
1.00000 145.84053;
0.51530 162.74659;
1.00000 170.44223;
1.00000 -55.26442;
0.50314 136.00505;
1.00000 12.09350;
1.00000 134.30019;
0.82988 -88.02415;
1.00000 -157.17614;
1.00000 -10.73969;
1.00000 23.89423;
0.80610 111.63796;
1.00000 -27.36355;
1.00000 138.84586;
1.00000 -8.69667;
1.00000 -86.27529;
1.00000 -81.43203;
1.00000 -145.20245;
0.99796 -141.59401;
1.00000 -176.50141;
1.00000 169.04100;
1.00000 -176.45475;
0.99779 -141.21858;
1.00000 -145.26005;
1.00000 -81.01218;
1.00000 -86.34441;
1.00000 -9.05298;
1.00000 138.77688;
1.00000 -26.79222;
0.82187 111.84028;
1.00000 23.54273;
1.00000 48.14928;
0.79458 -116.17860;
0.60733 -56.20355;
1.00000 170.56347;
0.99779 41.67377;
0.99910 101.57378;
1.00000 11.61078;
0.84567 -138.29564;
0.88827 -14.25300;
1.00000 -166.73336;
0.50314 -73.66354;
1.00000 -167.29963;
0.91449 -17.27796;
0.85098 -140.06803;
1.00000 11.76395;
0.99897 101.76108;
0.99771 41.91620;
1.00000 170.76840;
0.61645 -57.29728;
0.81722 -114.82693;
1.00000 48.83382;
0.75676 112.71743;
0.74153 -130.05971;
1.00000 70.54560;
0.68975 -133.63362;
1.00000 6.78135;
0.97586 -112.24851;
0.63269 -76.11388;
0.50314 -79.85903;
1.00000 -138.85210;
0.86211 -119.84774;
0.99979 -149.72116;
0.84820 -119.69302;
1.00000 -139.06652;
0.50314 -79.73838;
0.62920 -76.12256;
0.97046 -111.02706;
1.00000 6.72132;
0.68334 -133.31717;
1.00000 70.36857;
0.72113 -131.87969;
0.74087 112.45376;
0.98250 131.07822;
1.00000 -5.47967;
0.99772 -85.00553;
1.00000 -156.51194;
1.00000 114.03147;
1.00000 101.88197;
1.00000 37.75427;
1.00000 10.76102;
1.00000 -15.70696;
1.00000 -43.10510;
1.00000 -29.99936;
1.00000 -43.33870;
1.00000 -15.84307;
1.00000 12.09814;
1.00000 38.11036;
1.00000 101.23804;
1.00000 114.21924;
1.00000 -155.99950;
0.99753 -86.10232;
1.00000 -6.00295;
0.98447 130.89447;
1.00000 -53.43452;
0.93086 128.25029;
0.71324 107.85995;
0.77672 6.64537;
0.60532 -93.37264;
0.50314 22.61356;
0.99937 -128.80095;
0.68737 120.77416;
0.80194 136.86124;
0.93783 117.60047;
0.76952 64.26739;
0.95065 118.07657;
0.81326 134.40711;
0.60442 120.33568;
0.99948 -129.30270;
0.50314 22.21113;
0.63452 -92.31977;
0.77245 8.99061;
0.68627 104.35009;
0.92856 128.48752;
1.00000 -52.96141;
1.00000 116.76701;
1.00000 48.20003;
1.00000 -93.99636;
0.51590 -41.46483;
1.00000 -157.01774;
0.83954 164.76374;
0.98177 72.95102;
0.52706 -135.16068;
0.50314 -10.53063;
0.91566 -36.04039;
1.00000 -165.07638;
0.92154 -34.20396;
0.50314 -22.08048;
0.50485 -155.62431;
0.99693 70.60093;
0.83320 168.28302;
1.00000 -160.74708;
0.56062 -44.19429;
1.00000 -97.49075;
1.00000 47.32472;
1.00000 116.16064;
0.82587 -118.81216;
1.00000 171.05978;
0.71974 36.91814;
1.00000 121.55474;
1.00000 10.39259;
0.90538 -28.07244;
0.98755 -113.38485;
0.50314 50.02134;
1.00000 165.89769;
0.80603 179.05202;
0.80566 45.30046;
0.80943 -179.00561;
1.00000 159.45788;
0.50314 26.68113;
0.99642 -116.15701;
0.91849 -26.19075;
1.00000 8.09756;
1.00000 120.06107;
0.73079 35.00968;
1.00000 169.20014;
0.86215 -117.62236;
0.99895 -71.74526;
1.00000 -138.08971;
0.74322 103.30856;
0.99983 -53.56480;
0.50950 92.45139;
1.00000 -152.88450;
0.73471 44.62138;
1.00000 -134.84841;
0.81026 -21.71856;
1.00000 -140.93065;
0.51237 -84.55784;
1.00000 -140.96732;
0.79809 -26.58824;
1.00000 -137.84626;
0.72827 47.03313;
1.00000 -150.22057;
0.50941 96.77866;
0.99975 -54.37826;
0.75914 105.67515;
1.00000 -136.50167;
0.99917 -71.86265;
0.69758 -55.14061;
1.00000 30.28844;
1.00000 -73.54317;
1.00000 -162.43435;
1.00000 145.33202;
1.00000 85.21803;
1.00000 43.77375;
1.00000 10.97322;
1.00000 -13.84928;
1.00000 -25.58193;
1.00000 -32.79931;
1.00000 -25.40567;
1.00000 -13.63153;
1.00000 10.62482;
1.00000 43.44294;
1.00000 85.53255;
1.00000 145.24093;
1.00000 -162.13602;
1.00000 -73.18564;
1.00000 29.78678;
0.68638 -55.74727
];
